Google

	[[200, 30],
	[189, 26],
	[176, 20],
	[163, 15],
	[150, 13],
	[143, 12],
	[135, 11],
	[110, 11],
	[101, 13],
	[89, 18],
	[70, 26],
	[65, 28],
	[54, 36],
	[47, 44],
	[34, 59],
	[27, 77],
	[17, 117],
	[28, 149],
	[28, 165],
	[39, 169],
	[48, 188],
	[64, 205],
	[89, 224],
	[112, 227],
	[125, 232],
	[137, 231],
	[156, 227],
	[166, 226],
	[179, 225],
	[187, 223],
	[205, 215],
	[205, 195],
	[205, 185],
	[205, 175],
	[205, 165],
	[185, 165],
	[161, 165],
	[318, 82],
	[300, 87],
	[283, 96],
	[267, 109],
	[264, 130],
	[263, 169],
	[270, 180],
	[280, 205],
	[297, 213],
	[322, 227],
	[343, 222],
	[371, 205],
	[385, 187],
	[385, 164],
	[388, 136],
	[386, 128],
	[369, 106],
	[359, 94],
	[350, 87],
	[495, 82],
	[477, 87],
	[460, 96],
	[444, 109],
	[441, 130],
	[440, 169],
	[477, 180],
	[455, 205],
	[474, 213],
	[499, 227],
	[520, 222],
	[549, 205],
	[562, 187],
	[562, 164],
	[565, 136],
	[563, 128],
	[546, 106],
	[536, 94],
	[527, 87],
	[655, 85],
	[643, 90],
	[633, 94],
	[619, 107],
	[610, 137],
	[617, 153],
	[625, 165],
	[642, 179],
	[655, 186],
	[678, 184],
	[693, 176],
	[700, 179],
	[704, 158],
	[712, 133],
	[706, 122],
	[698, 105],
	[687, 100],
	[684, 93],
	[671, 90],
	[672, 200],
	[678, 215],
	[704, 228],
	[716, 244],
	[716, 250],
	[723, 268],
	[720, 280],
	[710, 298],
	[704, 305],
	[692, 313],
	[682, 313],
	[678, 315],
	[670, 317],
	[656, 314],
	[648, 313],
	[637, 312],
	[626, 309],
	[614, 305],
	[598, 280],
	[598, 273],
	[601, 256],
	[610, 246],
	[627, 235],
	[641, 227],
	[650, 228],
	[664, 228],
	[780, 5],
	[780, 15],
	[780, 25],
	[780, 35],
	[780, 45],
	[780, 55],
	[780, 65],
	[780, 75],
	[780, 85],
	[780, 95],
	[780, 105],
	[780, 115],
	[780, 125],
	[780, 135],
	[780, 145],
	[780, 155],
	[780, 165],
	[780, 175],
	[780, 185],
	[780, 195],
	[780, 205],
	[780, 215],
	[780, 225],
	[780, 235],
	[865, 145],
	[886, 139],
	[903, 130],
	[910, 128],
	[923, 123],
	[935, 115],
	[927, 107],
	[915, 91],
	[908, 86],
	[885, 82],
	[870, 86],
	[860, 94],
	[848, 103],
	[839, 118],
	[837, 126],
	[835, 144],
	[836, 153],
	[841, 161],
	[846, 178],
	[850, 183],
	[855, 194],
	[869, 206],
	[877, 213],
	[902, 220],
	[910, 223],
	[925, 220],
	[928, 218],
	[941, 210],
	[947, 208]]